The probability of the best differential characteristic: 2^-(95.41499949482075)

Differential trail:

Rounds	x                                 y                                 z                                 tk1                               tk2                               tk3                               tk               pr     
-------------------------------------------------------------------------------------------------------------------------------------------------------------------------------------------------------------------------------------------
0	212100900000800000b1000000210021  20200002000002000022000000200020  20200002000002000022000000200020  00000000000000000000005400000000  0000000000000000000000f300000000  00000000000000000000007f00000000  0000000000000000 -16.0  
1	00202020202000020000002020200020  00908080908000090000009080900080  00908080908000840000009080900080  00000000000000540000000000000000  00000000000000e60000000000000000  000000000000003f0000000000000000  000000000000008d -20.0  
2	90000000009080808400800000008080  0300000000030303030003000000d003  0300000000030303030003000000d003  00000000000000000000000000000054  000000000000000000000000000000e6  0000000000000000000000000000003f  0000000000000000 -18.415
3	00d00000030000000000000300000300  00070000200000000000002000002000  00000000200000000000002000002000  00540000000000000000000000000000  00cc0000000000000000000000000000  009f0000000000000000000000000000  0007000000000000 -9.0   
4	00000000000000000000000000200000  00000000000000000000000000800000  00000000000000000000000000800000  00000000000000000054000000000000  000000000000000000cc000000000000  0000000000000000009f000000000000  0000000000000000 -2.0   
5	80000000000000000000000000000000  02000000000000000000000000000000  00000000000000000000000000000000  54000000000000000000000000000000  99000000000000000000000000000000  cf000000000000000000000000000000  0200000000000000 -2.0   
6	00000000000000000000000000000000  00000000000000000000000000000000  00000000000000000000000000000000  00000000000000005400000000000000  00000000000000009900000000000000  0000000000000000cf00000000000000  0000000000000000 -0.0   
7	00000000000000000000000000000000  00000000000000000000000000000000  00000000000000000000000000000000  00005400000000000000000000000000  00003300000000000000000000000000  00006700000000000000000000000000  0000000000000000 -0.0   
8	00000000000000000000000000000000  00000000000000000000000000000000  00000000000000000000000000000000  00000000000000000000540000000000  00000000000000000000330000000000  00000000000000000000670000000000  0000000000000000 -0.0   
9	00000000000000000000000000000000  00000000000000000000000000000000  00000000000000000000000000000000  00000000540000000000000000000000  00000000670000000000000000000000  00000000330000000000000000000000  0000000000000000 -0.0   
10	00000000000000000000000000000000  00000000000000000000000000000000  00000000000000000000000000000000  00000000000000000000000054000000  00000000000000000000000067000000  00000000000000000000000033000000  0000000000000000 -0.0   
11	00000000000000000000000000000000  00000000000000000000000000000000  00000000000002000000000000000000  00000000000054000000000000000000  000000000000cf000000000000000000  00000000000099000000000000000000  0000000000000200 -0.0   
12	00000000000000000000000200000000  00000000000000000000000800000000  00000000000000000000000800000000  00000000000000000000000000005400  0000000000000000000000000000cf00  00000000000000000000000000009900  0000000000000000 -2.0   
13	00080000000000000008000000080000  00100000000000000010000000100000  00100000000700000010000000100000  00000000005400000000000000000000  00000000009f00000000000000000000  0000000000cc00000000000000000000  0000000000070000 -6.0   
14	10100010001000000000071000100010  50500040004000000000084000500040  50500040004000000000084000500040  00000000000000000000000000540000  000000000000000000000000009f0000  00000000000000000000000000cc0000  0000000000000000 -17.0  
15	08104040505000400840400058100040  none                              none                              none                              none                              none                              none             none   

Weight: -95.41499949482075
Time used = 68.30172729492188

